    t        Q_t        q_t       f(x_t)       P(x_t)      avg h   avg move^2    avg g_+
----------------------------------------------------------------------------------------
   20     3.3232     0.1662      -0.2992      -0.2992     0.1551     1.42e-02   5.55e-17
   40     5.7513     0.2876      -0.2620      -0.2620     0.1383     7.14e-03   3.61e-17
   60     5.9168     0.2958      -0.2541      -0.2541     0.0949     4.76e-03   2.41e-17
   80     5.9270     0.2964      -0.2537      -0.2537     0.0713     3.57e-03   1.80e-17
  100     5.9277     0.2964      -0.2536      -0.2536     0.0571     2.86e-03   1.44e-17
  120     5.9278     0.2964      -0.2536      -0.2536     0.0476     2.38e-03   1.20e-17
  140     5.9278     0.2964      -0.2536      -0.2536     0.0408     2.04e-03   1.03e-17
  160     5.9278     0.2964      -0.2536      -0.2536     0.0357     1.78e-03   9.02e-18
  180     5.9278     0.2964      -0.2536      -0.2536     0.0317     1.59e-03   8.02e-18
  200     5.9278     0.2964      -0.2536      -0.2536     0.0285     1.43e-03   7.22e-18
  220     5.9278     0.2964      -0.2536      -0.2536     0.0259     1.30e-03   6.56e-18
  240     5.9278     0.2964      -0.2536      -0.2536     0.0238     1.19e-03   6.01e-18
  260     5.9278     0.2964      -0.2536      -0.2536     0.0220     1.10e-03   5.55e-18
  280     5.9278     0.2964      -0.2536      -0.2536     0.0204     1.02e-03   5.15e-18
  300     5.9278     0.2964      -0.2536      -0.2536     0.0190     9.52e-04   4.81e-18
  320     5.9278     0.2964      -0.2536      -0.2536     0.0178     8.92e-04   4.51e-18
  340     5.9278     0.2964      -0.2536      -0.2536     0.0168     8.40e-04   4.24e-18
  360     5.9278     0.2964      -0.2536      -0.2536     0.0159     7.93e-04   4.01e-18
  380     5.9278     0.2964      -0.2536      -0.2536     0.0150     7.51e-04   3.80e-18
  400     5.9278     0.2964      -0.2536      -0.2536     0.0143     7.14e-04   3.61e-18
  420     5.9278     0.2964      -0.2536      -0.2536     0.0136     6.80e-04   3.44e-18
  440     5.9278     0.2964      -0.2536      -0.2536     0.0130     6.49e-04   3.28e-18
  460     5.9278     0.2964      -0.2536      -0.2536     0.0124     6.21e-04   3.14e-18
  480     5.9278     0.2964      -0.2536      -0.2536     0.0119     5.95e-04   3.01e-18
  500     5.9278     0.2964      -0.2536      -0.2536     0.0114     5.71e-04   2.89e-18
  520     5.9278     0.2964      -0.2536      -0.2536     0.0110     5.49e-04   2.78e-18
  540     5.9278     0.2964      -0.2536      -0.2536     0.0106     5.29e-04   2.67e-18
  560     5.9278     0.2964      -0.2536      -0.2536     0.0102     5.10e-04   2.58e-18
  580     5.9278     0.2964      -0.2536      -0.2536     0.0098     4.92e-04   2.49e-18
  600     5.9278     0.2964      -0.2536      -0.2536     0.0095     4.76e-04   2.41e-18
